1001111111100110 1110001001001000 0
1100000000101110 1000001101110001 1
0111100001111010 1110001011110010 0
1010111111001011 0010111010000110 1
1011000111101110 1110101010101000 1
1101111100000100 0110011001010110 1
0000000000000000 0000000000000000 0
1111111111111111 1111111111111111 1
0000000000000000 1111111111111111 0
1111111111111110 1111111111111111 1
0111111111111111 1000000000000000 0
0000000000000001 0000000000000010 0
1111111111111111 0000000000000000 0
0000000000000000 0000000000000001 0
0111111111111111 1000000000000001 1
